15.793771
15.893919
16.492069
16.884366
17.176687
17.466028
17.797942
17.924543
18.202366
18.311263
18.471006
18.541393
18.641737
18.665123
18.850345
18.928491
18.983065
19.126717
19.210191
19.252179
19.309720
19.419441
19.494119
19.612347
19.670403
19.816108
19.843576
19.904613
19.969160
20.082381
20.097476
20.124779
20.219778
20.259508
20.360106
20.407477
20.451163
20.483819
20.517870
20.590808
20.735057
20.754084
20.825369
20.870188
20.937502
20.968622
20.995303
21.043002
21.123251
21.148762
21.289104
21.312804
21.384211
21.453832
21.471649
21.491989
21.583825
21.650590
21.680135
21.717691
21.750383
21.792934
21.817137
21.917340
21.982180
21.987390
22.001108
22.039285
22.155687
22.178068
22.239772
22.280392
22.293113
22.359916
22.415552
22.436335
22.515234
22.594175
22.624112
22.767991
22.779284
22.815284
22.827871
22.924841
22.933240
22.988855
23.023498
23.088350
23.115816
23.136358
23.156910
23.171726
23.223553
23.268842
23.307697
23.344469
23.401182
23.406333
23.444318
23.481214
23.509265
23.549128
23.580929
23.609730
23.706957
23.723207
23.767721
23.802694
23.806253
23.919056
23.928029
23.954039
23.970285
24.028342
24.058536
24.072639
24.079464
24.167361
24.195418
24.219951
24.229767
24.251104
24.291716
24.347026
24.382893
24.418604
24.453605
24.473714
24.478462
24.502962
24.528962
24.636040
24.653832
24.666693
24.716243
24.745563
24.792671
24.825770
24.849654
24.899842
24.925182
24.937162
24.959492
25.008602
25.041091
25.051313
25.090554
25.135173
25.168497
25.189932
25.204968
25.236852
25.276460
25.302083
25.338734
25.349626
25.401556
25.436239
25.446072
25.482971
25.523635
25.537958
25.578823
25.636507
25.652297
25.730340
25.764769
25.770543
25.809098
25.827386
25.857036
25.882047
25.934532
25.963020
26.012103
26.040995
26.051430
26.087585
26.106590
26.144119
26.195118
26.204566
26.274394
26.298731
26.303778
26.375647
26.437189
26.457962
26.465867
26.535189
26.584840
26.599156
26.648831
26.660635
26.692913
26.717294
26.734990
26.761626
26.800067
26.821265
26.857849
26.878895
26.894411
26.951232
26.971654
27.016661
27.049702
27.102490
27.146725
27.172720
27.179935
27.209927
27.245218
27.280059
27.300526
27.321504
27.375209
27.396719
27.472819
27.474840
27.543981
27.566163
27.606902
27.615217
27.630995
27.668678
27.685607
27.762079
27.810725
27.822145
27.850216
27.863365
27.917623
27.935922
27.980751
28.013624
28.049743
28.076159
28.091672
28.108883
28.111092
28.126310
28.135802
28.148275
28.164810
28.203228
28.230931
28.245732
28.293033
28.340153
28.351540
28.381801
28.393488
28.460670
28.517414
28.527252
28.548311
28.569116
28.672477
28.707721
28.732654
28.781650
28.822586
28.880846
28.906762
28.927619
28.993265
29.026394
29.065869
29.072316
29.110407
29.135951
29.174112
29.219256
29.248964
29.264249
29.314106
29.353786
29.393180
29.413785
29.461537
29.495134
29.514298
29.526706
29.656666
29.729796
29.767800
29.803766
29.883940
29.901644
29.936378
29.967187
30.036361
30.073156
30.094615
30.123332
30.151350
30.162202
30.200320
30.282324
30.307675
30.372982
30.408267
30.478796
30.509244
30.548616
30.613581
30.635393
30.694958
30.720123
30.771239
30.859922
30.956087
30.964711
30.975234
31.050926
31.091235
31.107842
31.185963
31.272007
31.352100
31.414492
31.420606
31.450414
31.493507
31.500048
31.510724
31.517858
31.599325
31.641451
31.665372
31.722284
31.755790
31.774731
31.887127
31.989551
32.008617
32.043496
32.060183
32.097699
32.155990
32.180617
32.237515
32.301732
32.353047
32.371207
32.379304
32.413713
32.437262
32.480411
32.507564
32.564249
32.585969
32.646084
32.679057
32.707506
32.719726
32.735794
32.751248
32.758257
32.790909
32.850531
32.894882
32.907179
32.973269
32.985790
33.058699
33.090158
33.098648
33.131824
33.149275
33.153059
33.187863
33.263823
33.344421
33.370345
33.415825
33.433328
33.486972
33.531186
33.563258
33.574690
33.640147
33.656981
33.700314
33.733158
33.755761
33.780721
33.803729
33.819149
33.880617
33.908120
33.978174
34.004167
34.016838
34.072205
34.108063
34.115075
34.159670
34.216703
34.228376
34.277753
34.322951
34.368589
34.410289
34.502397
34.575017
34.606731
34.694229
34.744236
34.814227
34.837303
34.891556
34.987492
35.066768
35.104513
35.122092
35.161111
35.205059
35.262167
35.359039
35.396073
35.435914
35.556864
35.673650
35.703368
35.747479
35.828715
35.915335
35.949988
35.968127
36.000027
36.021471
36.061735
36.128563
36.165091
36.198222
36.209337
36.235950
36.247953
36.256202
36.281817
36.305339
36.331620
36.402194
36.453038
36.497088
36.530429
36.582764
36.673537
36.719380
36.791137
36.915678
36.934301
37.024014
37.024231
37.139444
37.168081
37.249061
37.277384
37.367143
37.450460
37.494922
37.552338
37.582635
37.611973
37.704229
37.949762
38.018340
38.037684
38.106823
38.249416
38.328589
38.367117
38.522345
38.683469
38.955818
39.033049
39.080465
39.386895
39.771129
39.902908
39.910522
40.029401
40.061997
40.067085
40.118874
40.166204
40.218138
40.500011
40.682390
40.706737
41.142500
41.517745
41.987658
42.051834
42.071159
42.085270
42.111695
42.161497
42.192951
42.209768
42.231330
42.275569
42.435078
42.464968
42.476964
42.509694
42.652082
43.102102
43.155165
43.301676
43.305871
43.351927
43.377141
43.379555
43.417541
43.748808
43.882221
43.908502
43.926610
43.944010
43.963411
44.010560
44.069645
44.077016
44.139587
44.182814
44.244547
44.299185
44.385796
44.416364
44.475039
44.574175
44.743489
44.932888
45.000003
45.024739
45.219077
45.363998
45.480483
45.614803
45.843377
46.024539
46.047177
47.335684
48.006294
48.014141
48.024107
48.030545
48.047232
48.095239
48.197130
48.365913
48.856197
49.067413
49.499996
50.010300
51.065408
54.000001
56.000364
56.000968
56.001868
56.004144
56.009628
56.022352
56.051950
56.120116
56.286472
56.624979
57.749957
58.001028
58.500004
63.000000
72.000000
