337.500000
360.507482
365.057929
371.494834
376.471630
381.309661
382.212419
385.541747
388.423497
389.095423
391.861948
392.820218
394.801309
395.792520
397.283668
398.980270
400.091428
401.358445
401.987776
403.046478
404.445513
404.765020
405.280469
406.787739
407.213329
407.762870
409.287708
410.016966
410.419844
411.949650
412.559959
413.640016
414.570276
414.754914
415.063634
416.201925
416.595203
416.923968
417.728128
418.104543
418.424069
419.056511
419.280327
419.787563
420.734541
421.031334
422.123921
422.412239
422.612669
423.104565
423.888963
424.171440
424.933415
425.281945
425.659209
426.242877
426.384141
426.784664
427.325667
428.291029
429.082177
429.156017
429.385610
429.654284
429.950935
430.071691
431.192734
431.403317
431.499811
431.662616
432.385332
432.682645
433.189528
433.409790
433.862445
434.219364
434.520059
434.764993
435.152939
435.529356
435.965115
436.378971
436.393726
437.047889
437.236499
437.375435
438.047610
438.544671
438.845777
438.952582
439.585397
440.069820
440.331271
440.564061
440.677303
441.007665
441.197267
441.398225
441.689712
441.751237
442.203731
442.400812
442.549510
442.996236
443.243405
443.533544
443.608110
443.974484
444.391168
444.499556
444.894707
445.132581
445.426550
445.799632
446.080967
446.603888
446.662250
446.970489
447.238899
447.645709
447.973010
448.205470
448.493530
448.681791
448.806146
449.218992
449.544518
449.741854
449.936302
450.225780
450.899659
451.114107
451.577739
451.656666
451.980580
452.111841
452.421686
452.615668
452.733097
453.159808
453.396183
453.752470
453.878210
454.084900
454.423498
454.649017
454.839226
454.996829
455.201200
455.299247
455.628965
455.811781
456.089231
456.481293
456.696760
456.807053
456.921334
457.160919
457.568457
457.759772
457.907578
458.077098
458.287012
458.591973
458.951671
459.182087
459.285618
459.662914
459.948568
460.147925
460.327617
460.497065
460.622675
460.810571
460.985365
461.112230
461.255134
461.773232
461.984004
462.133770
462.405047
462.455156
462.745476
462.950060
463.382709
463.628745
464.091861
464.434183
464.584046
464.663968
464.674823
464.819982
465.240521
465.358322
465.538804
465.770013
465.957918
466.153771
466.294107
466.695715
466.851431
466.939001
467.002708
467.535832
467.718933
467.930404
468.078740
468.242852
468.321794
468.586187
468.697683
468.998174
469.133045
469.416692
469.891338
470.016741
470.195761
470.380764
470.864034
470.984985
471.107133
471.486286
471.524328
472.296159
472.472238
472.599046
472.824451
473.053305
473.225361
473.387087
473.613631
473.719876
473.811318
474.764753
474.815366
475.063931
475.241198
475.676762
475.779383
476.128437
476.419093
476.437007
476.595981
476.740206
477.061037
477.475275
477.594844
477.761302
477.874816
477.995504
478.176034
478.463196
478.892114
479.001794
479.358423
479.440700
479.609885
479.728320
479.900057
480.338229
480.717213
480.765624
480.989243
481.019508
481.139466
481.385690
481.399856
481.686630
481.793056
482.099589
482.310485
482.575094
482.630462
483.066833
483.350871
483.841825
483.987690
484.148197
484.217626
484.452517
484.693274
484.868015
484.920820
485.261155
485.317346
485.381893
485.509295
485.753828
485.797141
486.007840
486.370216
486.541789
486.805063
487.120717
487.276985
487.556202
487.653187
487.801899
488.008191
488.187882
488.446778
488.487426
488.650436
488.901233
489.063821
489.298697
489.480644
489.641789
489.722685
489.828837
490.069519
490.397955
490.490522
490.554369
490.607853
490.914782
491.137338
491.284861
491.355272
491.591748
492.197846
492.322659
492.466460
492.600955
493.069702
493.224346
493.256186
493.555329
493.938825
493.986870
494.028644
494.341936
494.556939
494.783307
494.810246
495.250046
495.463270
495.710104
496.099940
496.463228
496.541293
496.695591
496.763633
496.877803
497.078612
497.597795
497.984168
498.123987
498.251733
498.387057
498.917215
499.160824
499.164860
499.273822
499.654121
499.732188
500.269958
500.646406
500.847584
500.961992
501.334917
501.608458
501.673073
501.806589
502.109869
502.335815
502.552744
503.174847
503.393539
503.540019
503.811163
504.075273
504.240029
504.704630
504.899684
505.220425
505.690274
506.633095
507.013085
507.211705
507.751071
507.872006
507.905710
508.523893
508.535378
508.990775
509.028350
509.786596
509.955438
510.348088
510.637758
511.002610
511.869397
511.998345
512.338305
512.609991
512.707897
512.909907
513.075089
513.083087
513.344455
513.413633
513.596916
513.695752
513.956401
514.140374
514.416805
514.630151
514.732375
514.829698
515.099364
515.172462
515.509988
515.694365
515.769988
516.132830
516.279292
516.659663
516.816494
517.031899
517.164882
517.322182
517.421633
517.600385
517.933511
518.338058
518.478318
518.946712
519.487850
519.590791
519.889328
520.006515
520.124839
520.162374
520.378987
520.517400
520.717379
521.081209
521.302794
521.321687
521.421249
521.602580
521.921312
522.168386
522.537777
522.816229
523.050862
523.386084
523.671425
524.004093
524.372555
524.645300
525.407365
525.465339
525.752579
525.772340
526.147414
526.357330
527.321514
527.555669
527.880618
528.036501
528.261910
528.466153
529.345002
529.561954
529.695652
530.044480
530.370335
530.523397
531.241648
531.448702
531.699647
531.711860
532.188895
532.226658
532.625324
532.750306
532.943559
533.003303
533.422453
533.615099
534.957480
535.112456
535.556092
536.115873
536.418370
536.923922
537.837957
537.879593
537.968217
538.032549
538.282855
538.538024
538.876167
539.019001
539.826477
540.394783
541.809375
543.885039
545.355497
546.001590
548.901487
550.175275
550.306387
550.573217
551.089918
551.998015
552.472218
552.627072
552.982735
553.258980
553.792028
553.879585
553.971156
554.036819
554.618207
554.730559
554.802768
554.979826
555.427355
555.655992
555.727985
555.823886
556.026748
556.406172
556.733051
557.776086
558.136654
558.302107
558.495856
558.532742
558.633691
559.000819
559.044278
559.874181
560.448053
560.885665
562.650346
562.704823
562.840886
563.107469
563.589688
564.395669
564.434234
564.844458
566.258726
568.419410
572.000328
573.961205
575.060438
575.111147
575.217866
575.434905
575.865312
576.710870
577.164581
578.403721
582.728023
585.000202
598.000048
600.014481
600.029564
600.063325
600.136687
600.292269
600.619198
601.304019
602.043975
602.754633
606.000348
611.000049
624.000006
650.000000
